10.05      2.755e-21
10.15      2.678e-21
10.25      2.603e-21
10.35      2.53e-21
10.45      2.459e-21
10.55      2.39e-21
10.75      2.323e-21
10.85      2.258e-21
10.95      2.196e-21
11.05      2.134e-21
11.25      2.075e-21
11.35      2.017e-21
11.45      1.961e-21
11.65      1.907e-21
11.75      1.854e-21
11.85      1.803e-21
12.05      1.753e-21
12.15      1.704e-21
12.35      1.657e-21
12.45      1.612e-21
12.55      1.567e-21
12.75      1.524e-21
12.85      1.482e-21
13.05      1.441e-21
13.15      1.402e-21
13.35      1.363e-21
13.45      1.326e-21
13.65      1.289e-21
13.85      1.254e-21
13.95      1.22e-21
14.15      1.186e-21
14.25      1.154e-21
14.45      1.122e-21
14.65      1.092e-21
14.75      1.062e-21
14.95      1.033e-21
15.15      1.005e-21
15.35      9.776e-22
15.45      9.511e-22
15.65      9.253e-22
15.85      9.002e-22
16.05      8.758e-22
16.25      8.521e-22
16.45      8.29e-22
16.65      8.067e-22
16.75      7.849e-22
16.95      7.637e-22
17.15      7.432e-22
17.35      7.232e-22
17.55      7.038e-22
17.75      6.849e-22
17.95      6.666e-22
18.25      6.487e-22
18.45      6.314e-22
18.65      6.146e-22
18.85      5.982e-22
19.05      5.823e-22
19.25      5.668e-22
19.55      5.518e-22
19.75      5.372e-22
19.95      5.23e-22
20.15      5.092e-22
20.45      4.958e-22
20.65      4.827e-22
20.85      4.701e-22
21.15      4.578e-22
21.35      4.458e-22
21.65      4.342e-22
21.85      4.229e-22
22.15      4.119e-22
22.35      4.012e-22
22.65      3.909e-22
22.95      3.808e-22
23.15      3.71e-22
23.45      3.615e-22
23.75      3.522e-22
23.95      3.432e-22
24.25      3.345e-22
24.55      3.26e-22
24.85      3.178e-22
25.15      3.098e-22
25.45      3.02e-22
25.75      2.945e-22
26.05      2.871e-22
26.35      2.8e-22
26.65      2.731e-22
26.95      2.664e-22
27.25      2.598e-22
27.55      2.535e-22
27.85      2.473e-22
28.15      2.413e-22
28.55      2.355e-22
28.85      2.299e-22
29.15      2.244e-22
29.55      2.191e-22
29.85      2.139e-22
30.25      2.089e-22
30.55      2.04e-22
30.95      1.993e-22
31.25      1.947e-22
31.65      1.903e-22
31.95      1.86e-22
32.35      1.818e-22
32.75      1.777e-22
33.15      1.738e-22
33.55      1.699e-22
33.85      1.662e-22
34.25      1.626e-22
34.65      1.591e-22
35.05      1.557e-22
35.45      1.524e-22
35.85      1.492e-22
36.35      1.461e-22
36.75      1.431e-22
37.15      1.402e-22
37.55      1.374e-22
38.05      1.347e-22
38.45      1.32e-22
38.95      1.294e-22
39.35      1.27e-22
39.85      1.245e-22
40.25      1.222e-22
40.75      1.199e-22
41.25      1.177e-22
41.65      1.156e-22
42.15      1.135e-22
42.65      1.115e-22
43.15      1.096e-22
43.65      1.077e-22
44.15      1.059e-22
44.65      1.042e-22
45.15      1.025e-22
45.75      1.008e-22
46.25      9.921e-23
46.75      9.766e-23
47.35      9.616e-23
47.85      9.471e-23
48.45      9.33e-23
48.95      9.194e-23
49.55      9.062e-23
50.1499      8.934e-23
50.7499      8.811e-23
51.2499      8.691e-23
51.8499      8.575e-23
52.4499      8.463e-23
53.0499      8.354e-23
53.7499      8.248e-23
54.3499      8.146e-23
54.9499      8.047e-23
55.5499      7.951e-23
56.2499      7.858e-23
56.8499      7.768e-23
57.5499      7.681e-23
58.2499      7.596e-23
58.8499      7.515e-23
59.5499      7.435e-23
60.2499      7.358e-23
60.9499      7.283e-23
61.6499      7.211e-23
62.3499      7.14e-23
63.1499      7.072e-23
63.8499      7.006e-23
64.5499      6.942e-23
65.3499      6.879e-23
66.0499      6.818e-23
66.8499      6.76e-23
67.6499      6.702e-23
68.3499      6.647e-23
69.1499      6.593e-23
69.9499      6.54e-23
70.7499      6.489e-23
71.6499      6.44e-23
72.4499      6.391e-23
73.2499      6.344e-23
74.1499      6.298e-23
74.9499      6.254e-23
75.8499      6.21e-23
76.7499      6.168e-23
77.6499      6.127e-23
78.5499      6.087e-23
79.4499      6.048e-23
80.3499      6.009e-23
81.2499      5.972e-23
82.2499      5.936e-23
83.1499      5.9e-23
84.1499      5.866e-23
85.1499      5.832e-23
86.1499      5.799e-23
87.1499      5.766e-23
88.1499      5.735e-23
89.1499      5.704e-23
90.1499      5.674e-23
91.2499      5.644e-23
92.2499      5.615e-23
93.3499      5.587e-23
94.4499      5.559e-23
95.5499      5.532e-23
96.6499      5.506e-23
97.7499      5.48e-23
98.8499      5.454e-23
100.05      5.429e-23
101.25      5.405e-23
102.35      5.381e-23
103.55      5.358e-23
104.75      5.335e-23
105.95      5.312e-23
107.25      5.29e-23
108.45      5.268e-23
109.65      5.247e-23
110.95      5.226e-23
112.25      5.205e-23
113.55      5.185e-23
114.85      5.165e-23
116.15      5.146e-23
117.55      5.127e-23
118.95      5.108e-23
120.25      5.089e-23
121.65      5.071e-23
123.05      5.053e-23
124.55      5.036e-23
125.95      5.019e-23
127.45      5.002e-23
128.85      4.985e-23
130.35      4.969e-23
131.85      4.953e-23
133.45      4.938e-23
134.95      4.922e-23
136.55      4.907e-23
138.05      4.892e-23
139.65      4.877e-23
141.35      4.863e-23
142.95      4.849e-23
144.55      4.835e-23
146.25      4.822e-23
147.95      4.808e-23
149.65      4.795e-23
151.45      4.782e-23
153.15      4.77e-23
154.95      4.758e-23
156.75      4.745e-23
158.55      4.734e-23
160.35      4.722e-23
162.25      4.711e-23
164.15      4.699e-23
166.05      4.689e-23
167.95      4.678e-23
169.85      4.667e-23
171.85      4.657e-23
173.85      4.647e-23
175.85      4.638e-23
177.85      4.628e-23
179.95      4.619e-23
182.05      4.61e-23
184.15      4.601e-23
186.25      4.592e-23
188.45      4.584e-23
190.55      4.576e-23
192.85      4.568e-23
195.05      4.56e-23
197.25      4.553e-23
199.55      4.546e-23
201.85      4.539e-23
204.25      4.532e-23
206.55      4.526e-23
208.95      4.519e-23
211.35      4.513e-23
213.85      4.508e-23
216.35      4.502e-23
218.85      4.497e-23
221.35      4.492e-23
223.95      4.488e-23
226.55      4.483e-23
229.15      4.479e-23
231.75      4.475e-23
234.45      4.472e-23
237.15      4.468e-23
239.95      4.465e-23
242.75      4.463e-23
245.55      4.46e-23
248.35      4.458e-23
251.25      4.456e-23
254.15      4.455e-23
257.05      4.454e-23
260.05      4.454e-23
263.05      4.454e-23
266.15      4.454e-23
269.25      4.455e-23
272.35      4.457e-23
275.45      4.459e-23
278.65      4.462e-23
281.85      4.466e-23
285.15      4.472e-23
288.45      4.48e-23
291.75      4.49e-23
295.15      4.505e-23
298.55      4.526e-23
402.75      4.611e-23
407.45      4.623e-23
412.15      4.634e-23
416.95      4.646e-23
421.75      4.659e-23
426.65      4.672e-23
431.55      4.685e-23
436.55      4.699e-23
441.65      4.714e-23
446.75      4.729e-23
451.95      4.744e-23
457.15      4.76e-23
462.45      4.777e-23
467.75      4.793e-23
473.25      4.811e-23
478.65      4.829e-23
484.25      4.847e-23
489.85      4.866e-23
495.55      4.886e-23
501.249      4.906e-23
507.049      4.926e-23
512.949      4.947e-23
518.849      4.969e-23
524.849      4.991e-23
530.949      5.013e-23
537.049      5.037e-23
543.349      5.06e-23
549.549      5.085e-23
555.949      5.11e-23
562.349      5.135e-23
568.949      5.162e-23
575.449      5.188e-23
582.149      5.216e-23
588.849      5.244e-23
595.749      5.273e-23
602.649      5.303e-23
609.549      5.334e-23
616.649      5.367e-23
623.749      5.404e-23
631.049      5.458e-23
645.749      6.454e-23
653.149      5.56e-23
660.749      5.567e-23
668.349      5.596e-23
676.149      5.629e-23
683.949      5.664e-23
691.849      5.7e-23
699.849      5.737e-23
707.949      5.775e-23
716.149      5.814e-23
724.449      5.854e-23
732.849      5.894e-23
741.349      5.936e-23
749.949      5.977e-23
758.649      6.02e-23
767.449      6.064e-23
776.249      6.108e-23
785.249      6.153e-23
794.349      6.199e-23
803.549      6.245e-23
812.849      6.293e-23
822.249      6.341e-23
831.849      6.39e-23
841.449      6.44e-23
851.149      6.491e-23
861.049      6.542e-23
871.049      6.595e-23
881.049      6.648e-23
891.349      6.702e-23
901.649      6.757e-23
912.049      6.813e-23
922.649      6.87e-23
933.349      6.928e-23
944.149      6.988e-23
977.249      7.172e-23
988.649      7.23e-23
1000.05      7.292e-23
1012.05      7.356e-23
1023.05      7.421e-23
1035.05      7.487e-23
1047.05      7.554e-23
1059.05      7.622e-23
1072.05      7.691e-23
1084.05      7.761e-23
1096.05      7.832e-23
1109.05      7.904e-23
1122.05      7.977e-23
1135.05      8.052e-23
1148.05      8.127e-23
1161.05      8.203e-23
1175.05      8.281e-23
1189.05      8.359e-23
1202.05      8.439e-23
1216.05      8.52e-23
1230.05      8.602e-23
1245.05      8.685e-23
1259.05      8.769e-23
1303.05      9.029e-23
1318.05      9.117e-23
1334.05      9.207e-23
1349.05      9.299e-23
1365.05      9.391e-23
1380.05      9.485e-23
1396.05      9.58e-23
1413.05      9.676e-23
1429.05      9.774e-23
1445.05      9.873e-23
1462.05      9.973e-23
1479.05      1.007e-22
1496.05      1.018e-22
1514.05      1.028e-22
1531.05      1.039e-22
1549.05      1.049e-22
1567.05      1.06e-22
1622.05      1.094e-22
1641.05      1.105e-22
1660.05      1.117e-22
1679.05      1.128e-22
1698.05      1.14e-22
1718.05      1.152e-22
1738.05      1.164e-22
1758.05      1.177e-22
1778.05      1.189e-22
1799.05      1.202e-22
1820.05      1.215e-22
1841.05      1.228e-22
1862.05      1.241e-22
1884.05      1.254e-22
1950.05      1.295e-22
1972.05      1.309e-22
1995.05      1.323e-22
2018.05      1.337e-22
2042.05      1.352e-22
2065.05      1.366e-22
2089.05      1.381e-22
2113.05      1.396e-22
2138.05      1.412e-22
2163.05      1.427e-22
2188.05      1.443e-22
2213.05      1.458e-22
2265.05      1.491e-22
2291.05      1.507e-22
2317.05      1.524e-22
2344.05      1.54e-22
2371.05      1.557e-22
2399.05      1.575e-22
2427.05      1.592e-22
2455.05      1.61e-22
2483.05      1.627e-22
2512.05      1.645e-22
2600.05      1.701e-22
2630.05      1.72e-22
2661.05      1.739e-22
2692.05      1.758e-22
2723.05      1.778e-22
2754.05      1.798e-22
2786.05      1.818e-22
2818.05      1.838e-22
2917.05      1.901e-22
2951.05      1.922e-22
2985.05      1.944e-22
3020.05      1.966e-22
3055.05      1.988e-22
7079.04      4.66e-22
7161.04      4.606e-22
7244.04      4.659e-22
7328.04      4.88e-22
7413.04      4.767e-22
7499.04      4.822e-22
7586.04      4.878e-22
7674.04      5.064e-22
7762.04      4.991e-22
7852.04      5.048e-22
7943.04      5.159e-22
8035.04      5.216e-22
8128.04      5.225e-22
8222.04      5.285e-22
8318.04      5.428e-22
8414.04      5.408e-22
8511.04      5.47e-22
8610.04      5.599e-22
8710.04      5.597e-22
8810.04      5.662e-22
8913.04      5.754e-22
9016.04      5.819e-22
9120.04      5.86e-22
9226.04      5.95e-22
9333.04      6.017e-22
9441.04      6.065e-22
9550.04      6.154e-22
9661.04      6.224e-22
9772.04      6.278e-22
9886.04      6.38e-22
10000.0      6.424e-22
